8
53
0
9
20
59
40
39
6
56
16
8
67
90
35
96
77
8
3
19
8
66
25
22
38
43
24
38
6
78
71
66
11
87
21
28
10
84
2
62
25
82
88
40
31
33
93
83
77
50
28
31
100
41
64
100
56
78
24
57
49
24
13
90
3
62
25
24
0
46
66
44
41
49
59
5
5
69
32
91
10
84
8
35
66
39
82
63
60
16
35
25
90
6
64
71
49
27
87
68
55
20
60
98
65
55
91
65
93
50
85
39
37
2
70
16
95
33
2
21
49
55
68
42
38
37
10
4
29
98
84
22
6
78
4
91
55
90
76
7
61
58
99
4
43
90
58
24
25
0
30
77
58
29
24
10
45
79
15
61
69
28
14
44
3
98
79
95
29
42
55
87
85
85
83
89
99
16
27
12
70
91
67
88
78
90
90
79
59
27
2
66
13
91
43
50
35
7
46
53
59
41
20
60
21
60
90
59
56
10
69
96
26
15
57
10
83
28
6
22
80
52
37
38
93
36
67
66
22
6
33
91
85
30
8
4
21
1
32
61
93
77
21
43
87
65
71
36
100
69
47
89
79
68
25
2
65
84
82
9
94
100
61
12
9
0
32
38
50
26
32
91
82
41
2
50
35
52
96
31
92
89
7
56
41
80
45
17
3
21
87
25
3
37
32
42
46
29
20
87
35
27
84
31
44
96
50
50
8
84
15
71
71
27
44
78
7
91
35
40
36
82
4
85
67
99
49
82
4
68
6
28
23
47
40
12
41
85
94
28
94
48
88
97
8
65
59
52
68
33
14
91
48
34
25
70
42
44
36
86
51
18
23
73
41
9
9
89
20
11
45
95
5
24
96
41
91
22
67
84
20
14
23
14
2
90
16
59
26
86
86
69
72
14
20
1
0
79
21
10
