0.006327163662602791
0.0050827541878758565
0.005293625455579475
0.003797754457656184
0.0002693759829472004
-0.005103106638308212
-0.011486824281697589
-0.01743576475337715
-0.021068765955680135
-0.020395453998203136
-0.01375724684032459
-0.00027098344765768114
0.019844088078125145
0.045129407760515
0.07298868111706504
0.10004557680485597
0.12270067540369958
0.13776613175504068
0.1430486514905172
0.13776613175504068
0.12270067540369958
0.10004557680485597
0.07298868111706504
0.045129407760515
0.019844088078125145
-0.00027098344765768114
-0.01375724684032459
-0.020395453998203136
-0.021068765955680135
-0.01743576475337715
-0.011486824281697589
-0.005103106638308212
0.0002693759829472004
0.003797754457656184
0.005293625455579475
0.0050827541878758565
0.006327163662602791

