-0.001766
-0.000132
-0.000136
-0.000141
-0.000145
-0.000149
-0.000154
-0.000158
-0.000161
-0.000165
-0.000168
-0.000172
-0.000175
-0.000179
-0.000181
-0.000184
-0.000186
-0.000188
-0.000188
-0.000192
-0.000192
-0.000192
-0.000193
-0.000193
-0.000193
-0.000192
-0.000192
-0.000190
-0.000189
-0.000187
-0.000184
-0.000181
-0.000178
-0.000174
-0.000170
-0.000166
-0.000161
-0.000155
-0.000149
-0.000143
-0.000136
-0.000128
-0.000121
-0.000112
-0.000104
-0.000094
-0.000085
-0.000075
-0.000064
-0.000053
-0.000042
-0.000030
-0.000017
-0.000005
0.000008
0.000022
0.000036
0.000050
0.000065
0.000080
0.000095
0.000111
0.000127
0.000143
0.000159
0.000176
0.000193
0.000210
0.000228
0.000245
0.000263
0.000280
0.000298
0.000316
0.000334
0.000352
0.000370
0.000388
0.000406
0.000423
0.000441
0.000458
0.000475
0.000492
0.000509
0.000525
0.000541
0.000556
0.000572
0.000586
0.000601
0.000614
0.000628
0.000640
0.000652
0.000664
0.000674
0.000684
0.000693
0.000702
0.000709
0.000716
0.000722
0.000727
0.000731
0.000735
0.000737
0.000738
0.000738
0.000737
0.000735
0.000732
0.000728
0.000722
0.000716
0.000708
0.000699
0.000688
0.000677
0.000664
0.000650
0.000635
0.000619
0.000601
0.000582
0.000561
0.000540
0.000517
0.000493
0.000467
0.000441
0.000413
0.000383
0.000353
0.000321
0.000288
0.000255
0.000219
0.000183
0.000146
0.000107
0.000068
0.000028
-0.000014
-0.000056
-0.000099
-0.000143
-0.000188
-0.000234
-0.000280
-0.000327
-0.000374
-0.000422
-0.000471
-0.000519
-0.000569
-0.000618
-0.000668
-0.000718
-0.000768
-0.000818
-0.000868
-0.000918
-0.000968
-0.001017
-0.001066
-0.001115
-0.001163
-0.001211
-0.001258
-0.001304
-0.001350
-0.001394
-0.001438
-0.001480
-0.001522
-0.001562
-0.001600
-0.001638
-0.001674
-0.001708
-0.001741
-0.001772
-0.001801
-0.001828
-0.001853
-0.001876
-0.001897
-0.001916
-0.001932
-0.001946
-0.001958
-0.001967
-0.001973
-0.001977
-0.001978
-0.001976
-0.001971
-0.001964
-0.001953
-0.001939
-0.001923
-0.001902
-0.001879
-0.001853
-0.001823
-0.001790
-0.001753
-0.001713
-0.001670
-0.001623
-0.001572
-0.001518
-0.001460
-0.001399
-0.001334
-0.001266
-0.001194
-0.001118
-0.001039
-0.000956
-0.000869
-0.000779
-0.000685
-0.000588
-0.000487
-0.000383
-0.000275
-0.000164
-0.000049
0.000069
0.000190
0.000315
0.000443
0.000573
0.000707
0.000844
0.000984
0.001127
0.001273
0.001421
0.001572
0.001725
0.001881
0.002040
0.002200
0.002363
0.002527
0.002694
0.002862
0.003033
0.003204
0.003378
0.003552
0.003728
0.003905
0.004083
0.004261
0.004441
0.004621
0.004801
0.004982
0.005163
0.005344
0.005525
0.005706
0.005886
0.006065
0.006245
0.006423
0.006600
0.006776
0.006951
0.007124
0.007296
0.007467
0.007635
0.007802
0.007966
0.008128
0.008288
0.008445
0.008600
0.008752
0.008901
0.009046
0.009189
0.009329
0.009465
0.009597
0.009726
0.009851
0.009972
0.010090
0.010203
0.010312
0.010417
0.010517
0.010613
0.010705
0.010791
0.010873
0.010951
0.011023
0.011091
0.011154
0.011211
0.011264
0.011311
0.011353
0.011391
0.011422
0.011449
0.011470
0.011486
0.011497
0.011502
0.011502
0.011497
0.011486
0.011470
0.011449
0.011422
0.011391
0.011353
0.011311
0.011264
0.011211
0.011154
0.011091
0.011023
0.010951
0.010873
0.010791
0.010705
0.010613
0.010517
0.010417
0.010312
0.010203
0.010090
0.009972
0.009851
0.009726
0.009597
0.009465
0.009329
0.009189
0.009046
0.008901
0.008752
0.008600
0.008445
0.008288
0.008128
0.007966
0.007802
0.007635
0.007467
0.007296
0.007124
0.006951
0.006776
0.006600
0.006423
0.006245
0.006065
0.005886
0.005706
0.005525
0.005344
0.005163
0.004982
0.004801
0.004621
0.004441
0.004261
0.004083
0.003905
0.003728
0.003552
0.003378
0.003204
0.003033
0.002862
0.002694
0.002527
0.002363
0.002200
0.002040
0.001881
0.001725
0.001572
0.001421
0.001273
0.001127
0.000984
0.000844
0.000707
0.000573
0.000443
0.000315
0.000190
0.000069
-0.000049
-0.000164
-0.000275
-0.000383
-0.000487
-0.000588
-0.000685
-0.000779
-0.000869
-0.000956
-0.001039
-0.001118
-0.001194
-0.001266
-0.001334
-0.001399
-0.001460
-0.001518
-0.001572
-0.001623
-0.001670
-0.001713
-0.001753
-0.001790
-0.001823
-0.001853
-0.001879
-0.001902
-0.001923
-0.001939
-0.001953
-0.001964
-0.001971
-0.001976
-0.001978
-0.001977
-0.001973
-0.001967
-0.001958
-0.001946
-0.001932
-0.001916
-0.001897
-0.001876
-0.001853
-0.001828
-0.001801
-0.001772
-0.001741
-0.001708
-0.001674
-0.001638
-0.001600
-0.001562
-0.001522
-0.001480
-0.001438
-0.001394
-0.001350
-0.001304
-0.001258
-0.001211
-0.001163
-0.001115
-0.001066
-0.001017
-0.000968
-0.000918
-0.000868
-0.000818
-0.000768
-0.000718
-0.000668
-0.000618
-0.000569
-0.000519
-0.000471
-0.000422
-0.000374
-0.000327
-0.000280
-0.000234
-0.000188
-0.000143
-0.000099
-0.000056
-0.000014
0.000028
0.000068
0.000107
0.000146
0.000183
0.000219
0.000255
0.000288
0.000321
0.000353
0.000383
0.000413
0.000441
0.000467
0.000493
0.000517
0.000540
0.000561
0.000582
0.000601
0.000619
0.000635
0.000650
0.000664
0.000677
0.000688
0.000699
0.000708
0.000716
0.000722
0.000728
0.000732
0.000735
0.000737
0.000738
0.000738
0.000737
0.000735
0.000731
0.000727
0.000722
0.000716
0.000709
0.000702
0.000693
0.000684
0.000674
0.000664
0.000652
0.000640
0.000628
0.000614
0.000601
0.000586
0.000572
0.000556
0.000541
0.000525
0.000509
0.000492
0.000475
0.000458
0.000441
0.000423
0.000406
0.000388
0.000370
0.000352
0.000334
0.000316
0.000298
0.000280
0.000263
0.000245
0.000228
0.000210
0.000193
0.000176
0.000159
0.000143
0.000127
0.000111
0.000095
0.000080
0.000065
0.000050
0.000036
0.000022
0.000008
-0.000005
-0.000017
-0.000030
-0.000042
-0.000053
-0.000064
-0.000075
-0.000085
-0.000094
-0.000104
-0.000112
-0.000121
-0.000128
-0.000136
-0.000143
-0.000149
-0.000155
-0.000161
-0.000166
-0.000170
-0.000174
-0.000178
-0.000181
-0.000184
-0.000187
-0.000189
-0.000190
-0.000192
-0.000192
-0.000193
-0.000193
-0.000193
-0.000192
-0.000192
-0.000192
-0.000188
-0.000188
-0.000186
-0.000184
-0.000181
-0.000179
-0.000175
-0.000172
-0.000168
-0.000165
-0.000161
-0.000158
-0.000154
-0.000149
-0.000145
-0.000141
-0.000136
-0.000132
-0.001766
