-0.00074458710325420489              
-0.0003090457724910551               
-0.00035287542019870927              
-0.00038461699516694836              
-0.00039971151775085876              
-0.00039412383752107871              
-0.00036411970711478251              
-0.00030709768280898328              
-0.00022129044866935947              
-0.00010668759143841149              
 0.000035562186688222752             
 0.00020223516804422154              
 0.00038868240260982184              
 0.00058814841806564691              
 0.00079261715348237787              
 0.00099227242727723962              
 0.0011766432642813739               
 0.0013343799718285216               
 0.0014544943073980881               
 0.0015261792161334593               
 0.0015401778133141025               
 0.001488589380282629                
 0.0013662657297401929               
 0.00117064695630295                 
 0.00090313274217288333              
 0.00056839656422227327              
 0.00017536858687647934              
-0.00026390257355213845              
-0.00073324321359133219              
-0.0012137366150762753               
-0.0016829613520635701               
-0.0021178923822609617               
-0.0024944511700164961               
-0.0027896466773330215               
-0.0029799015563835101               
-0.0030471432496167136               
-0.0029765306962112005               
-0.0027567664700533586               
-0.0023855114432312875               
-0.0018648024225124133               
-0.0012057289540862634               
-0.00042585296706274786              
 0.00044915649245921125              
 0.0013874070580157014               
 0.0023506221993796362               
 0.0032961157917134934               
 0.0041779182252576364               
 0.0049490220445117111               
 0.0055630692094101129               
 0.0059768282456577398               
 0.0061522402211700343               
 0.006058680768204372                
 0.0056749228862136986               
 0.004991043465526584                
 0.0040097451122494791               
 0.0027472927478355371               
 0.0012339844928682217               
-0.00048588424347593268              
-0.0023546544983260418               
-0.0043026200820094141               
-0.0062499241007258543               
-0.0081090170735137884               
-0.0097872643348924943               
-0.011190258126402251                
-0.012225335254357001                
-0.012805432479335655                
-0.012852025834953181                
-0.012299168762396897                
-0.011096321976967355                
-0.0092117121384446086               
-0.0066328730669007194               
-0.0033705301468210931               
 0.0005428750320761041               
 0.0050520319978888881               
 0.010079704712537959                
 0.015528922218298347                
 0.021284981485903236                
 0.027218962752361412                
 0.033191114758261205                
 0.039055605869272078                
 0.044664630839463461                
 0.04987340329666843                 
 0.054544755401858519                
 0.058553870208413621                
 0.061792179935381331                
 0.064171179560510175                
 0.065625380198392466                
 0.066114634643124934                
 0.065625380198392466                
 0.064171179560510175                
 0.061792179935381331                
 0.058553870208413621                
 0.054544755401858519                
 0.04987340329666843                 
 0.044664630839463461                
 0.039055605869272078                
 0.033191114758261205                
 0.027218962752361412                
 0.021284981485903236                
 0.015528922218298347                
 0.010079704712537959                
 0.0050520319978888881               
 0.0005428750320761041               
-0.0033705301468210931               
-0.0066328730669007194               
-0.0092117121384446086               
-0.011096321976967355                
-0.012299168762396897                
-0.012852025834953181                
-0.012805432479335655                
-0.012225335254357001                
-0.011190258126402251                
-0.0097872643348924943               
-0.0081090170735137884               
-0.0062499241007258543               
-0.0043026200820094141               
-0.0023546544983260418               
-0.00048588424347593268              
 0.0012339844928682217               
 0.0027472927478355371               
 0.0040097451122494791               
 0.004991043465526584                
 0.0056749228862136986               
 0.006058680768204372                
 0.0061522402211700343               
 0.0059768282456577398               
 0.0055630692094101129               
 0.0049490220445117111               
 0.0041779182252576364               
 0.0032961157917134934               
 0.0023506221993796362               
 0.0013874070580157014               
 0.00044915649245921125              
-0.00042585296706274786              
-0.0012057289540862634               
-0.0018648024225124133               
-0.0023855114432312875               
-0.0027567664700533586               
-0.0029765306962112005               
-0.0030471432496167136               
-0.0029799015563835101               
-0.0027896466773330215               
-0.0024944511700164961               
-0.0021178923822609617               
-0.0016829613520635701               
-0.0012137366150762753               
-0.00073324321359133219              
-0.00026390257355213845              
 0.00017536858687647934              
 0.00056839656422227327              
 0.00090313274217288333              
 0.00117064695630295                 
 0.0013662657297401929               
 0.001488589380282629                
 0.0015401778133141025               
 0.0015261792161334593               
 0.0014544943073980881               
 0.0013343799718285216               
 0.0011766432642813739               
 0.00099227242727723962              
 0.00079261715348237787              
 0.00058814841806564691              
 0.00038868240260982184              
 0.00020223516804422154              
 0.000035562186688222752             
-0.00010668759143841149              
-0.00022129044866935947              
-0.00030709768280898328              
-0.00036411970711478251              
-0.00039412383752107871              
-0.00039971151775085876              
-0.00038461699516694836              
-0.00035287542019870927              
-0.0003090457724910551               
-0.00074458710325420489  