-0.000080
0.000384
0.000734
0.000835
0.000623
0.000138
-0.000476
-0.001011
-0.001259
-0.001082
-0.000476
0.000418
0.001335
0.001964
0.002049
0.001484
0.000378
-0.000952
-0.002049
-0.002455
-0.001869
-0.000287
0.001926
0.004077
0.005286
0.004731
0.001926
-0.003035
-0.009344
-0.015503
-0.019534
-0.019351
-0.013215
-0.000188
0.019534
0.044487
0.072066
0.098892
0.121369
0.136319
0.141561
0.136319
0.121369
0.098892
0.072066
0.044487
0.019534
-0.000188
-0.013215
-0.019351
-0.019534
-0.015503
-0.009344
-0.003035
0.001926
0.004731
0.005286
0.004077
0.001926
-0.000287
-0.001869
-0.002455
-0.002049
-0.000952
0.000378
0.001484
0.002049
0.001964
0.001335
0.000418
-0.000476
-0.001082
-0.001259
-0.001011
-0.000476
0.000138
0.000623
0.000835
0.000734
0.000384
-0.000080
