0.000556
0.000473
0.000212
-0.000155
-0.000511
-0.000735
-0.000737
-0.000498
-0.000080
0.000385
0.000737
0.000838
0.000625
0.000139
-0.000478
-0.001015
-0.001263
-0.001086
-0.000478
0.000419
0.001340
0.001971
0.002056
0.001489
0.000379
-0.000955
-0.002056
-0.002463
-0.001875
-0.000288
0.001933
0.004091
0.005304
0.004748
0.001933
-0.003046
-0.009377
-0.015557
-0.019602
-0.019418
-0.013260
-0.000188
0.019602
0.044641
0.072315
0.099234
0.121789
0.136791
0.142051
0.136791
0.121789
0.099234
0.072315
0.044641
0.019602
-0.000188
-0.013260
-0.019418
-0.019602
-0.015557
-0.009377
-0.003046
0.001933
0.004748
0.005304
0.004091
0.001933
-0.000288
-0.001875
-0.002463
-0.002056
-0.000955
0.000379
0.001489
0.002056
0.001971
0.001340
0.000419
-0.000478
-0.001086
-0.001263
-0.001015
-0.000478
0.000139
0.000625
0.000838
0.000737
0.000385
-0.000080
-0.000498
-0.000737
-0.000735
-0.000511
-0.000155
0.000212
0.000473
0.000556
