-0.0017848750366676362
-0.0003186796286655918
-0.0003368735047182323
-0.0003487762804224445
-0.00035260159567081695
-0.00034787496428368645
-0.00033376559678110275
-0.0003094207508888542
-0.0002741666026752527
-0.00022756525504227513
-0.0001693992805659493
-0.00009964643948608864
-0.00001847930830579224
0.0000737073857208992
0.00017626032949227455
0.0002882439583074978
0.00040843978750881876
0.0005353632511610376
0.0006672837753128044
0.0008022365919333855
0.0009380255461435482
0.001072226525454115
0.001202204061646076
0.0013251477696696295
0.0014381252401209697
0.0015381407695254062
0.0016221893656405983
0.00168730203996247
0.0017305864951240191
0.0017492714229256157
0.001740760473587514
0.001702695715988192
0.0016330247833169097
0.0015300646029521006
0.0013925578435713558
0.0012197228451005773
0.0010112999727386472
0.0007675954882126164
0.0004895200412063206
0.0001786165327998165
-0.00016292601638591108
-0.0005322707189267441
-0.0009259366968548578
-0.0013398022712401158
-0.0017691071467389565
-0.0022084615309699786
-0.0026518745818187696
-0.0030928108562436746
-0.0035242724758519353
-0.003938892985499405
-0.004329024570753072
-0.004686807773761245
-0.0050042288878036
-0.005273185047921359
-0.005485580028233983
-0.005633460484056797
-0.005709178539025757
-0.005705545745505611
-0.005615939084090515
-0.005434336128334702
-0.005155282742507401
-0.0047738023089410565
-0.004285186109587788
-0.0036920405898720455
-0.0029838034143724688
-0.0021661105455399975
-0.001240341940867581
-0.00020532542595154933
0.000935670743386478
0.0021778982236829057
0.0035154618157954855
0.004941461198822593
0.006448039480735996
0.008026365696422434
0.009666597668535202
0.011357877327029317
0.01308839252569516
0.014845508246662215
0.01661594285300818
0.01838595443458893
0.020141510387334353
0.021868432112207514
0.02355252393685979
0.025179702200525587
0.026736135756972725
0.028208398674174955
0.029583627468031535
0.03084967347930762
0.03199524516099155
0.03301004037082754
0.03388487063910124
0.03461177664636655
0.03518412959898819
0.03559671113016876
0.03584576714944911
0.03592903729804941
0.03584576714944911
0.03559671113016876
0.03518412959898819
0.03461177664636655
0.03388487063910124
0.03301004037082754
0.03199524516099155
0.03084967347930762
0.029583627468031535
0.028208398674174955
0.026736135756972725
0.025179702200525587
0.02355252393685979
0.021868432112207514
0.020141510387334353
0.01838595443458893
0.01661594285300818
0.014845508246662215
0.01308839252569516
0.011357877327029317
0.009666597668535202
0.008026365696422434
0.006448039480735996
0.004941461198822593
0.0035154618157954855
0.0021778982236829057
0.000935670743386478
-0.00020532542595154933
-0.001240341940867581
-0.0021661105455399975
-0.0029838034143724688
-0.0036920405898720455
-0.004285186109587788
-0.0047738023089410565
-0.005155282742507401
-0.005434336128334702
-0.005615939084090515
-0.005705545745505611
-0.005709178539025757
-0.005633460484056797
-0.005485580028233983
-0.005273185047921359
-0.0050042288878036
-0.004686807773761245
-0.004329024570753072
-0.003938892985499405
-0.0035242724758519353
-0.0030928108562436746
-0.0026518745818187696
-0.0022084615309699786
-0.0017691071467389565
-0.0013398022712401158
-0.0009259366968548578
-0.0005322707189267441
-0.00016292601638591108
0.0001786165327998165
0.0004895200412063206
0.0007675954882126164
0.0010112999727386472
0.0012197228451005773
0.0013925578435713558
0.0015300646029521006
0.0016330247833169097
0.001702695715988192
0.001740760473587514
0.0017492714229256157
0.0017305864951240191
0.00168730203996247
0.0016221893656405983
0.0015381407695254062
0.0014381252401209697
0.0013251477696696295
0.001202204061646076
0.001072226525454115
0.0009380255461435482
0.0008022365919333855
0.0006672837753128044
0.0005353632511610376
0.00040843978750881876
0.0002882439583074978
0.00017626032949227455
0.0000737073857208992
-0.00001847930830579224
-0.00009964643948608864
-0.0001693992805659493
-0.00022756525504227513
-0.0002741666026752527
-0.0003094207508888542
-0.00033376559678110275
-0.00034787496428368645
-0.00035260159567081695
-0.0003487762804224445
-0.0003368735047182323
-0.0003186796286655918
-0.0017848750366676362